Def[
0 : None : Invisible
1 : Water Block : Block
2 : Stone Block Tall : Block, Tall
3 : Grass Block : Block
4 : Dirt Block : Block
5 : Stone Block : Block
6 : Wood Block : Block
7 : Shadow North : Invisible
8 : Tree Tall: Block, Tall
9 : Rock : Block, Not-Floor
A : Selector : Invisible
B : Star: Block, Not-Floor
C : Ramp North : Block, Not-Floor 
D : Ramp East : Block, Not-Floor
E : Ramp South : Block, Not-Floor
F : Ramp West : Block, Not-Floor
H : Shadow East : Invisible
I : Enemy Bug : Block, Not-Floor
J : Tree Ugly : Block, Not-Floor
]

Map[
[
[5,5,5,5,5,5,5,5,5,5,5,5,5,5,5,5,5]
[5,5,3,3,3,3,3,3,3,4,4,4,4,4,4,4,5]
[5,3,3,3,3,3,4,4,4,5,5,4,4,4,4,4,5]
[5,3,3,3,4,4,4,4,5,5,4,4,4,4,4,4,5]
[5,3,3,3,4,4,4,5,5,4,4,4,4,4,4,4,5]
[5,3,3,4,4,4,4,5,5,4,4,4,4,4,3,3,5]
[5,3,3,4,4,4,4,5,5,4,6,6,3,3,3,3,5]
[5,3,3,3,5,5,4,5,4,6,6,6,1,1,1,1,1]
[5,3,3,3,5,4,4,4,4,6,1,1,1,1,1,1,1]
[5,3,3,3,5,4,4,4,4,6,1,1,5,1,1,1,1]
]

[
[5,5,5,5,5,5,5,5,5,5,5,5,5,5,5,5,5]
[5,A,0,8,0,0,0,0,0,0,0,0,0,0,5,1,5]
[5,0,0,0,0,0,0,0,0,5,5,0,0,0,5,5,5]
[5,0,0,0,0,0,0,0,5,5,0,0,0,0,0,9,5]
[5,0,0,0,0,0,0,5,5,0,0,0,0,0,0,0,5]
[5,I,0,0,0,0,0,5,5,0,0,0,0,0,0,0,5]
[5,J,0,0,0,0,0,5,5,0,0,0,0,0,0,8,5]
[5,0,0,H,5,5,0,5,E,0,0,0,0,0,0,0,0]
[5,0,0,H,5,0,7,0,0,0,0,0,0,0,0,0,0]
[0,0,J,H,5,0,0,0,0,0,0,0,5,0,0,0,0]
]

[
[5,5,5,5,5,5,5,5,5,5,5,5,5,5,5,5,5]
[5,0,0,0,0,0,0,0,0,0,0,0,0,0,0,0,5]
[5,0,0,0,0,0,0,0,0,C,0,0,0,0,0,0,5]
[5,0,0,0,0,0,0,0,5,5,0,0,0,0,0,0,5]
[5,0,0,0,0,0,0,5,5,0,0,0,0,0,0,0,5]
[5,0,0,0,0,0,0,5,5,0,0,0,0,0,0,0,5]
[5,0,0,0,0,0,0,5,5,0,0,0,0,0,0,0,5]
[5,0,0,0,5,5,0,5,0,0,0,0,0,0,0,0,0]
[0,0,0,0,5,0,0,0,0,0,0,0,0,0,0,0,0]
[0,0,0,0,5,0,0,0,0,0,0,0,5,0,0,0,0]
]

[
[0,0,0,0,0,0,0,0,0,0,0,0,0,0,0,0,0]
[0,0,0,0,0,0,0,0,0,0,0,0,0,0,0,0,0]
[0,0,0,0,0,0,0,0,0,0,0,0,0,0,0,0,0]
[0,0,0,0,0,0,0,0,0,0,0,0,0,0,0,0,0]
[0,0,0,0,0,0,0,9,9,0,0,0,0,0,0,0,C]
[5,0,0,0,0,0,0,9,0,0,0,0,0,0,0,0,5]
[5,0,0,0,0,0,0,C,0,0,0,0,0,0,0,0,0]
[0,0,0,0,F,5,5,5,0,0,0,0,0,0,0,0,0]
[0,0,0,0,0,0,0,0,0,0,0,0,0,0,0,0,0]
[0,0,0,0,0,0,0,0,0,0,0,0,5,0,0,0,0]
]

]

Character [ 
Image : Character Cat Girl
Position: (1,1,1)
]

Object [
Image :  Star 
Pars : Block,Not-Floor
]


Tile [
Tile-Width : 101
Tile-Height : 171
Tile-Y_Spacing : 82
Tile-X_Spacing : 101
Tile-Depth : 40
]

